7
47
90
24
73
54
24
18
34
44
2
9
46
36
7
6
26
19
97
7
92
82
53
14
40
73
76
11
90
76
3
54
99
5
83
70
35
65
18
33
80
12
34
85
24
92
35
68
72
26
29
7
97
89
24
25
78
96
43
4
72
30
5
90
82
4
87
91
32
80
87
29
2
18
61
44
47
1
32
36
17
59
21
74
52
29
72
52
6
34
44
40
81
71
9
95
69
45
73
71
42
59
31
51
37
62
69
48
39
70
92
83
47
32
90
49
21
75
50
62
97
80
39
65
9
46
39
21
11
94
50
98
43
24
95
63
81
67
64
85
48
80
73
68
70
47
24
93
32
38
60
20
94
10
8
81
5
7
84
63
4
80
53
88
13
22
98
57
89
91
35
5
59
86
43
16
59
25
11
99
49
22
32
82
50
64
63
43
7
7
31
94
46
71
60
18
19
58
76
80
70
4
14
49
30
21
20
3
21
62
62
53
13
64
66
4
33
66
55
11
32
66
40
89
2
15
93
51
68
54
94
52
39
91
49
98
22
32
58
88
9
30
78
85
90
83
16
97
82
12
37
17
1
82
68
85
15
12
49
35
6
1
42
11
81
89
3
15
96
75
12
0
71
21
23
6
85
32
24
62
73
61
37
46
20
85
57
26
50
70
12
18
12
4
30
11
7
84
97
72
6
15
7
55
34
66
17
40
70
2
1
34
51
19
2
36
94
55
70
56
58
72
50
68
57
70
90
73
26
37
83
53
25
99
30
60
22
63
48
91
34
37
4
94
20
72
78
13
48
47
24
30
81
84
90
37
51
88
92
12
17
36
69
94
90
8
89
72
17
66
7
4
79
50
99
26
11
50
3
88
92
37
89
77
95
73
70
78
5
45
78
65
5
33
11
60
47
29
36
91
44
45
35
13
54
36
0
69
25
67
94
73
20
58
32
44
21
70
88
69
31
93
87
12
46
67
64
5
22
98
52
80
5
54
0
32
84
52
23
12
73
4
38
76
66
33
17
36
66
92
60
48
57
1
60
44
11
60
49
7
17
72
99
56
40
7
78
88
71
89
6
47
95
53
21
61
8
10
48
21
83
47
84
26
83
93
23
66
32
7
90
5
62
62
48
54
76
34
16
29
9
7
71
65
5
38
29
85
8
82
50
46
96
72
62
23
1
95
82
50
46
35
91
99
16
53
56
20
74
32
7
47
16
19
33
87
24
83
71
94
96
88
42
24
24
77
72
56
43
57
69
75
5
9
99
1
34
88
73
67
33
45
87
75
22
80
53
61
79
96
39
58
67
1
84
23
47
39
55
19
69
75
90
15
16
58
23
4
98
27
54
74
22
93
96
15
29
79
97
6
8
13
73
20
96
4
17
71
22
53
10
70
63
0
11
23
71
40
12
2
35
75
51
95
53
27
70
33
35
43
31
71
39
17
68
4
85
42
0
67
9
77
28
76
21
44
15
97
3
84
91
81
68
47
1
95
28
93
84
76
62
84
23
96
57
38
57
15
57
78
17
67
63
30
56
49
59
71
2
53
12
70
75
96
59
36
46
18
98
2
27
16
20
51
31
72
81
42
4
43
52
8
73
21
81
87
99
53
89
87
81
27
85
38
30
87
11
65
17
63
21
73
95
77
56
4
53
68
40
35
81
54
13
45
98
71
30
86
93
88
48
65
75
86
91
84
13
74
88
14
27
59
45
48
52
51
89
57
60
8
86
35
80
34
70
48
2
69
87
25
13
2
70
15
36
67
49
19
52
33
30
64
26
33
47
89
45
91
9
72
32
95
82
15
80
73
18
26
93
1
71
13
25
88
68
44
73
18
88
97
11
73
88
66
45
90
75
77
28
24
75
9
90
18
24
71
58
58
37
42
81
77
31
31
43
41
58
65
29
26
23
32
6
12
60
81
24
78
16
92
43
69
43
11
81
25
5
43
58
85
71
40
8
77
70
73
44
68
49
29
88
4
75
42
40
80
81
0
31
60
67
82
87
28
93
38
97
35
73
83
60
59
80
17
53
14
33
60
0
95
67
72
62
96
16
25
38
76
83
28
87
90
11
27
99
36
40
51
59
45
75
11
87
46
64
12
73
8
32
48
90
38
97
87
72
45
28
15
64
60
54
40
51
73
68
23
41
30
94
89
74
82
96
75
80
8
59
13
67
19
70
72
63
55
68
94
1
44
78
90
81
44
58
24
84
48
48
38
27
28
82
32
70
80
59
38
7
56
97
9
11
98
27
74
0
27
94
47
45
40
